maurice_arm:
  ros__parameters:
    device_name: "/dev/arm"
    baud_rate: 1000000
    joint_limits_lower: [-3.14159, -1.57079, -2.35619, -1.57079, -3.14159, 0.0]
    joint_limits_upper: [3.14159, 1.57079, 2.35619, 1.57079, 3.14159, 0.085]
    servo_ids: [1, 2, 3, 4, 5, 6]
    control_frequency: 100.0
